628128170028
628128170780
628128171860
628128301195
628128306053
628128365209
628128661605
628128690876
628128737778
628128757578
628128807799
628128880710
628128888311
628129006363
628129030582
628129218230
628129282271
628129402205
628129546279
628129914171
628129962168
628129969996
628131011919
628131030234
628131119090
628131121242
628131129088
628131131940
628131151066
628131166884
628131189538
628131223463
628131226261
628131234843
628131243380
628131291239
628131299164
628131363265
628131486500
628131496208
628131525856
628131565673
628131582986
628131591105
628131718700
628131761458
628131798670
628131823008
628131825306
628131832740
628131840026
628131911685
628131922002
628132010909
628132031747
628132042220
628132045670
628132080218
628132234378
628132629203
628132640367
628132654740
628132677960
628132742925
628132831120
628132840145
628132861510
628132865757
628132918669
628132929368
628132950899
628132959961
628132978265
628133045134
628133075108
628133077583
628133102022
628133189905
628133193348
628133230063
628133257518
628133321334
628133330502
628133389865
628133634792
628133676784
628133679725
628133746667
628134076465
628134077878
628134151624
628134227637
628134235579
628134239238
628134254474
628134344418
628134349487
628134430920
628134434544
628134473830
628134486848
628134490085
628134497075
628134504701
628134719212
628134762511
628134769007
628134837609
628134930026
628134934482
628134993370
628135000462
628135001916
628135063044
628135123540
628135126065
628135153489
628135214901
628135346854
628135348543
628135379452
628135391916
628135399411
628135441271
628135482458
628135487325
628135600987
628135602380
628135606312
628135648844
628135681010
628135735090
628135747089
628135859475
628135891059
628135903177
628135909155
628135984896
628136016305
628136042803
628136060032
628136108307
628136136144
628136298624
628136302943
628136317164
628136363533
628136363540
628136382317
628136387898
628136405241
628136420542
628136440616
628136498793
628136565247
628136695004
628136702117
628136709874
628136746859
628136751831
628136791122
628136809292
62811104735
62811106969
62811113481
62811115109
62811119001
62811119868
62811133388
62811166682
62811167090
62811179017
62811179728
62811179965
62811188777
62811200578
62811274064
62811290381
62811294949
62811377733
62811382961
62811450138
62811510029
62811546777
62811573398
62811666406
62811641998
62811701272
62811717141
62811754565
62811808595
62811809038
62811832705
62811828726
62811862947
62811887752
62811905989
62811918128
62811920161
62811945335
62811927072
62811958099
62811957137
62812800033
62811995300
62822556655
62812968444
62822700567
628111011238
628111018618
628111018335
628111031121
628111090910
628111101710
628111113888
628111252300
628111175458
628111278819
628111288070
628111290120
628111306363
628111356356
628111390737
628111460880
628111471113
628111484155
628111519757
628111650777
628111732021
628111740015
628111755635
628111772006
628111788103
628111816002
628111829734
628111858589
628111848818
628111875876
628111920049
628111880757
628111949385
628112002618
628111976859
628112007507
628112011084
628112013115
628112038328
628112079905
628112331507
628112426010
628112635211
628112691000
628112932020
628112945000
628112957586
628112982222
628112998797
628113005444
628113029702
628113024004
628113341179
628113342800
628113286977
628113480707
628113640222
628113891184
628113774077
628113921183
628113944060
628114034890
628114190210
628114214462
628114309977
628114330471
628114418009
628114442752
628114482690
628114505066
628114897070
628114995529
628115288889
628115394494
628115429199
628115502021
628116338831
628116042462
628116407588
628116550801
628116590208
628116677676
628116701992
628117111505
628117232234
628117239755
628117320177
628117705565
628117900042
628118059599
628118108283
628118070077
628118115307
628118136240
628118160172
628118205008
628118281723
628118223300
628118438873
628118433997
628118504274
628118509798
628118675010
628118828822
628118884446
628118889651
628118897900
628119110611
628119194199
628119233122
628119307887
628119291588
628119309888
628119319500
628119420902
628119627101
628119713080
628119799921
628119805504
628119885775
628119920902
628119920911
628121015028
628121015245
628121075066
628121039877
628121075310
628121239239
21623284611
21622828035
21623168501
21627095339
21623749351
21625212323
628122097428
628122521791
628122424206
628122621396
628122750833
628122774016
628122792084
628123022334
628122939353
628123035940
628123231120
628123307237
6281297770505
6281277853920
628127974027
6281233437204
6285220202006
6282261092735
6282292595006
6285363939193
6282234851604
628123755404
628123825798
628123858573
628124207317
628124423089
628124845585
628125176092
628126035953
628126082608
628126111127
628126560847
628126564262
628126594067
628126758975
628126902007
628126922359
628127019353
628127021834
628127524654
628127844444
628128088889
